# iter time_au Jx Jy Jz
0 0 0.0004356515881472694 0.0002365386970958454 0.0001922306800774546
1 0.04 -0.109097943693671 0.0002406064436760258 0.000190198136088803
2 0.08 -0.4161769400127511 0.0002440010092270988 0.0001887492098802558
3 0.12 -0.8713802094570122 0.0002465687416263808 0.0001880128362419898
4 0.16 -1.420111722324434 0.0002483580662502214 0.0001876900399036191
5 0.2 -2.015439726223115 0.0002498181812687076 0.000187719828787553
6 0.24 -2.624371365954576 0.0002509554403449875 0.0001877275812302343
7 0.28 -3.225977974532014 0.000251797706741222 0.0001877320180117353
8 0.32 -3.806479299747303 0.0002523315907984584 0.0001879152351545602
9 0.36 -4.356220775431124 0.000252343635419761 0.0001881248154612415
10 0.4 -4.868157963997795 0.000251980144693777 0.0001884879771429164
11 0.44 -5.3372699403189 0.0002512158022012864 0.0001889896850786739
12 0.48 -5.760755605112678 0.0002501644027416894 0.0001896760714429941
13 0.52 -6.138125956692138 0.0002487530313743606 0.0001902979600430593
14 0.5600000000000001 -6.470650991985019 0.0002471500690712725 0.0001908992012949267
15 0.6 -6.760686446205878 0.0002453794270941053 0.0001914707019244364
16 0.64 -7.01108954008152 0.0002434643914918131 0.0001919307096328426
17 0.68 -7.224711244346589 0.0002414611480596828 0.000192196543205831
18 0.72 -7.404113370750419 0.0002394228367378348 0.0001923353038954464
19 0.76 -7.551564219305535 0.0002374735828950657 0.0001924996783336804
20 0.8 -7.669156615913484 0.0002356701799718862 0.0001925706707511089
21 0.84 -7.758799921158966 0.000233975944942702 0.0001923860923530315
22 0.88 -7.822462807146538 0.000232461785744117 0.0001921716819648586
23 0.92 -7.862079040729918 0.0002312135495095988 0.0001921380372961314
24 0.96 -7.879646545403557 0.000230205573927408 0.0001921110566457472
25 1 -7.876931769519488 0.0002293433412306988 0.0001918410770983835
26 1.04 -7.855922352969724 0.0002287258033852314 0.0001915061689047143
27 1.08 -7.818369914411412 0.0002283675823226602 0.000191287019625397
28 1.12 -7.765763536850215 0.0002279264520764112 0.0001908597990334636
29 1.16 -7.699505487539883 0.0002273464458943505 0.00019009022976574
30 1.2 -7.62124316360169 0.0002268070349853368 0.0001891640830001202
31 1.24 -7.532910950212135 0.0002264234614181059 0.000188272356058411
32 1.28 -7.436482937981673 0.0002259912779859249 0.0001872508295983431
33 1.32 -7.333460902974681 0.0002254495217723778 0.0001860514359958676
34 1.36 -7.225292370716532 0.0002250481835992779 0.0001849457082502555
35 1.4 -7.113214646377597 0.0002248618761838196 0.0001840381128773385
36 1.44 -6.998381456801632 0.0002246347225541833 0.0001831039412861947
37 1.48 -6.881768888304962 0.0002243701765203211 0.000182176881756552
38 1.52 -6.764070272053303 0.0002242620489742204 0.0001814612328968733
39 1.56 -6.64574864607337 0.0002243257734487101 0.0001809303247383243
40 1.6 -6.527265742124911 0.000224331135608401 0.0001802994458346239
41 1.64 -6.409319020231295 0.0002243268315586087 0.0001796325817678027
42 1.68 -6.292861917168696 0.0002245216096488028 0.0001791852329726091
43 1.72 -6.178800759403431 0.0002248003327746009 0.0001788320622771905
44 1.76 -6.067566152450632 0.0002249001814924355 0.000178266105893497
45 1.8 -5.959094284468093 0.0002249362531880763 0.0001775881835468134
46 1.84 -5.853421634180583 0.0002251880691766941 0.0001770936026866308
47 1.88 -5.751086973260347 0.0002254413514722403 0.0001765765815387725
48 1.92 -5.653309858910069 0.0002255468593419212 0.0001758732301036363
49 1.96 -5.561224870134653 0.0002257446896674772 0.0001752231598197854
50 2 -5.475681558209245 0.0002260729224146991 0.0001747164284724409
51 2.04 -5.397102965159981 0.0002265437125924303 0.0001744236988815713
52 2.08 -5.325554189304031 0.0002268238030928499 0.0001740128841102638
53 2.12 -5.261003434162022 0.0002271100083847645 0.0001736565375718849
54 2.16 -5.203568312963801 0.0002276024564887251 0.0001735757904258381
55 2.2 -5.153507047608253 0.0002280285123463675 0.0001735457179753498
56 2.24 -5.110939695026566 0.0002283329537555809 0.0001735150369434242
57 2.28 -5.07587512584047 0.000228570584343438 0.0001734966714509044
58 2.32 -5.048058041486657 0.0002289169448337202 0.0001736221757282859
59 2.36 -5.027159389786754 0.0002292797113280035 0.000173762600974231
60 2.4 -5.012861996459494 0.0002294846874738689 0.0001737257885014097
61 2.44 -5.004892279358516 0.0002296171189121491 0.0001736225687430063
62 2.48 -5.003010503404412 0.0002297936945077101 0.0001736080717795249
63 2.52 -5.007006995644701 0.0002300443882824453 0.0001737115413914531
64 2.56 -5.016691314730992 0.000230162941146993 0.0001737006267791169
65 2.6 -5.031879188103506 0.0002300656579426946 0.0001734861698199164
66 2.64 -5.052377877328253 0.0002300522927548765 0.000173394304441505
67 2.68 -5.07796647950815 0.0002301880278878876 0.0001735308676552343
68 2.72 -5.108381104148994 0.0002301944361497713 0.0001736413444843944
69 2.76 -5.143324630063602 0.0002300256410726126 0.0001736685347549249
70 2.8 -5.182494892498689 0.0002299157695443354 0.000173813199116205
71 2.84 -5.225587336211501 0.0002299742558264567 0.0001741349752189336
72 2.88 -5.272235928997749 0.0002300298838866255 0.0001744075678913125
73 2.92 -5.321973991484904 0.0002299637882130881 0.0001745160508310364
74 2.96 -5.374233897756217 0.0002299176544669985 0.0001746869210686184
75 3 -5.428386288045419 0.0002300336588538623 0.0001751391189054741
76 3.04 -5.483907863249711 0.0002301170444121551 0.0001756574019964153
77 3.08 -5.540487959458718 0.0002298680996515345 0.0001758689790678349
78 3.12 -5.597939218570884 0.0002295383798263373 0.0001759915737530965
79 3.16 -5.656095765152583 0.0002295054527247584 0.0001764096483496087
80 3.2 -5.714705437801526 0.000229406687100064 0.0001767706222405205
81 3.24 -5.77337482155117 0.0002289927840026829 0.0001768610610559814
82 3.28 -5.831642029980382 0.0002285575949157035 0.0001770326693030707
83 3.32 -5.889147418726039 0.0002283567301824178 0.0001775285689378868
84 3.36 -5.945761938589002 0.0002282414342548198 0.0001780912636753084
85 3.4 -6.001600349676114 0.0002278303127118175 0.0001782560168607675
86 3.44 -6.056921637924611 0.0002272987074124527 0.0001782216092882641
87 3.48 -6.111958116158308 0.0002271409553437978 0.0001785332513189619
88 3.52 -6.166723957089372 0.0002271541636230553 0.0001789872429303777
89 3.56 -6.220837008688266 0.0002268692059939527 0.0001791056545567338
90 3.6 -6.273733117152658 0.000226491619670001 0.0001791336209220657
91 3.64 -6.32468951371214 0.0002264088339244761 0.000179528418897912
92 3.68 -6.373032967376068 0.0002264256187895717 0.0001801444766587803
93 3.72 -6.418297409221744 0.0002260505886042706 0.0001804841108002819
94 3.76 -6.460295535842679 0.0002254509980253369 0.0001806423919065103
95 3.8 -6.499090324003713 0.0002250470727920784 0.000180950592667933
96 3.84 -6.534856528494517 0.0002247810054930021 0.0001813309055053606
97 3.88 -6.567869831264736 0.0002241915238731736 0.000181382320087742
98 3.92 -6.598108528059269 0.0002233788420677766 0.0001812476162134008
99 3.96 -6.625296151513442 0.0002228567812395738 0.0001813911359107845
100 4 -6.648991766476597 0.0002225864402732309 0.0001816878066659642
101 4.04 -6.668712767109697 0.0002221413907871216 0.0001816964498045414
102 4.08 -6.684063941571946 0.0002215454950645198 0.0001815027193083311
103 4.12 -6.694823543939483 0.0002213149654032121 0.0001816551305748247
104 4.16 -6.70098194395729 0.0002213043006164047 0.0001819544214400629
105 4.2 -6.702748547559615 0.0002211399023409797 0.0001819562638489441
106 4.24 -6.700586197334757 0.0002208850593250675 0.0001817155069537173
107 4.28 -6.695256323581005 0.0002209113182755942 0.0001816531867703309
108 4.32 -6.687799764162595 0.0002211900264082961 0.0001817998931640917
109 4.36 -6.679204889312631 0.0002212128121665113 0.0001816743575421398
110 4.4 -6.670402581081254 0.000221005330440912 0.0001812835209056348
111 4.44 -6.661878894857622 0.0002210470460949211 0.0001810919213734718
112 4.48 -6.653583217844164 0.0002212577699863865 0.0001810703348154987
113 4.52 -6.645272637166138 0.0002212095928527087 0.0001808736638900528
114 4.56 -6.636189002664321 0.0002209791631100393 0.0001805904537529634
115 4.600000000000001 -6.625793309199547 0.000221040088530519 0.0001806146806510073
116 4.64 -6.61365927421294 0.0002213039263644105 0.0001807762533936225
117 4.68 -6.599589035544635 0.000221355907067748 0.0001806462454578858
118 4.72 -6.583586924759467 0.0002213574899874007 0.0001804202904403466
119 4.76 -6.56579583366433 0.0002215453091427763 0.0001803621080638259
120 4.8 -6.546469332997968 0.0002217522906125849 0.0001802961817492848
121 4.84 -6.525974248078481 0.0002218988605304754 0.000180118856814274
122 4.88 -6.504785112522157 0.0002219295574032916 0.0001797832617613409
123 4.92 -6.483483063251446 0.0002219921075856657 0.0001794883856720101
124 4.96 -6.462739587410646 0.0002220822680865641 0.0001792666201064456
125 5 -6.443256792270002 0.000222011348376379 0.0001789125215850989
126 5.04 -6.42565777021239 0.0002219130011835997 0.0001785309293082374
127 5.08 -6.410310502463964 0.0002219500254922183 0.0001782884109965284
128 5.12 -6.397137757013689 0.0002220269188262241 0.0001781177704188846
129 5.16 -6.385329426159335 0.0002220768620623578 0.000177994876085995
130 5.2 -6.373755983344661 0.0002221762376215767 0.0001780464934462333
131 5.24 -6.360898474581406 0.0002223236900480648 0.0001782893750256066
132 5.28 -6.345511755774661 0.0002224638041295719 0.0001786268977602232
133 5.32 -6.327009986172528 0.000222613887593515 0.0001790188963040064
134 5.36 -6.30555976256978 0.0002227827675261406 0.0001794540297428369
135 5.4 -6.281744158095189 0.0002229308829101506 0.0001798986038402996
136 5.44 -6.25610596248332 0.0002230618362990977 0.0001803519352049024
137 5.48 -6.229162327746476 0.0002231844557244665 0.0001808086537441748
138 5.52 -6.201708176993154 0.0002233249844835848 0.000181277373648408
139 5.56 -6.174818618644608 0.0002234721142762882 0.0001817191162959545
140 5.600000000000001 -6.149543266922585 0.0002234787281560914 0.0001819705470704361
141 5.64 -6.126609891815603 0.000223459597006073 0.0001821820101774236
142 5.68 -6.106293133036466 0.0002237175630771133 0.0001827182826996804
143 5.72 -6.088496755095467 0.0002240168765602498 0.0001833592594398704
144 5.76 -6.073172428011509 0.0002242133101107246 0.0001839140242479916
145 5.8 -6.060636518925574 0.0002243007948326 0.0001843207359420454
146 5.84 -6.051364156536846 0.000224566980096141 0.0001848433914409519
147 5.88 -6.045593759628641 0.0002250582461511894 0.0001855436947012369
148 5.92 -6.043236678464827 0.0002253371896273329 0.000186035935188797
149 5.96 -6.044009379959085 0.0002254566742133845 0.0001864256183724076
150 6 -6.047507346179178 0.0002257016488712068 0.0001869870950834426
151 6.04 -6.053243168262481 0.0002260522956592612 0.0001876280518321869
152 6.08 -6.06066308435337 0.0002262672263679364 0.000188067956852386
153 6.12 -6.069034487617856 0.0002263945418474053 0.0001884064404050203
154 6.16 -6.077464761476932 0.0002266317754008489 0.0001889193602777275
155 6.2 -6.084991698783182 0.0002268855081224871 0.0001895421927469113
156 6.24 -6.090940850174666 0.0002269266128744513 0.0001900329378019024
157 6.28 -6.095143763260379 0.0002268707085783225 0.0001904745853847505
158 6.32 -6.09791717693028 0.0002268796108759253 0.0001909748409302637
159 6.36 -6.099977557066363 0.0002269964945357837 0.0001915205920536564
160 6.4 -6.102471133631915 0.0002270614032364796 0.0001919193258747875
161 6.44 -6.10711186521552 0.0002271347807983949 0.0001922283900520113
162 6.48 -6.115599761030135 0.0002273835416708917 0.0001926554609211407
163 6.52 -6.129122990663539 0.000227696830648565 0.0001931690827417732
164 6.56 -6.14800060090461 0.0002278077208961594 0.0001935356762812271
165 6.600000000000001 -6.171650850389113 0.0002277704627097607 0.0001937408303797077
166 6.640000000000001 -6.19894164021022 0.0002278577112410336 0.0001939830334205445
167 6.68 -6.228458528404506 0.0002279888170032095 0.0001942136680894176
168 6.72 -6.258934462854383 0.0002281208283241096 0.0001944715325657035
169 6.76 -6.289480708872846 0.0002281959215290897 0.0001947106210832129
170 6.8 -6.319793441567121 0.0002282917610736166 0.0001949588328401228
171 6.84 -6.350242245049333 0.0002284683960816405 0.0001952535871508889
172 6.88 -6.381674600320785 0.0002286611954759718 0.0001955636380031476
173 6.92 -6.415061869881924 0.0002289137278491039 0.0001959926873608023
174 6.96 -6.451152536206831 0.000229056784135243 0.000196428100142686
175 7 -6.48981684894179 0.0002290372263524612 0.0001968409749940927
176 7.04 -6.529432602091636 0.0002289629920436994 0.0001973129863587773
177 7.08 -6.567073974592788 0.0002288465854428446 0.0001978075214927327
178 7.12 -6.599167823865688 0.000228613568744893 0.0001982413190340149
179 7.16 -6.622299961582538 0.0002282061749497181 0.0001986113701360913
180 7.2 -6.635518708499245 0.0002278503913031532 0.0001991946747431563
181 7.24 -6.642580744917156 0.000227357112909552 0.0001997601333156355
182 7.28 -6.651519238147711 0.0002267613245273811 0.0002002236981184984
183 7.32 -6.67254761792864 0.000226095104753672 0.0002005199423109355
184 7.36 -6.711358583567589 0.0002254961373297933 0.0002007692143287851
185 7.4 -6.756910438925281 0.0002251022615455854 0.0002011447223081526
186 7.44 -6.790328994330702 0.0002244175879480017 0.0002011857325989228
187 7.48 -6.801868765597348 0.0002233753462402036 0.0002008256894575682
188 7.52 -6.791988565467967 0.0002225499849156082 0.0002006173717275119
189 7.56 -6.768523280527702 0.0002219085862439001 0.0002005296075118205
190 7.600000000000001 -6.741085160106197 0.0002211026800405952 0.0002002402600544943
191 7.640000000000001 -6.716295200073557 0.0002201716114316499 0.0001997780496586
192 7.68 -6.69690555021536 0.00021928647784279 0.0001992631666606214
193 7.72 -6.682879760677515 0.0002186016224817317 0.0001988327645074172
194 7.76 -6.672683774147897 0.0002177799280729344 0.00019817739539868
195 7.8 -6.664689578917167 0.0002168290549164882 0.0001973123224493427
196 7.84 -6.658190561879873 0.0002159372024254704 0.0001964158429942585
197 7.88 -6.65347019231605 0.000215226039965443 0.0001956440678834892
198 7.92 -6.651358296429914 0.0002144500400855194 0.0001948163851299171
199 7.96 -6.652691671559639 0.0002135646992651008 0.000193922820336
200 8 -6.657763487726624 0.0002126589065519956 0.0001930598949804762
201 8.040000000000001 -6.665983093377377 0.0002117732287415589 0.000192272449632924
202 8.08 -6.675956013999835 0.0002109851528129274 0.0001916136898139897
203 8.120000000000001 -6.685853446751268 0.0002102298600930102 0.0001909647609990622
204 8.16 -6.693637242813069 0.0002094298683774798 0.0001902255580690493
205 8.199999999999999 -6.697612702083236 0.0002087725728214355 0.0001896164572668739
206 8.24 -6.696503253719201 0.0002084089454229628 0.0001893222323566027
207 8.279999999999999 -6.689692217856745 0.0002081499806464385 0.000189142992792499
208 8.32 -6.677116681743018 0.0002077936258590992 0.0001888398021866973
209 8.359999999999999 -6.65949599263121 0.0002075949975864298 0.0001886508408307514
210 8.4 -6.637917566792307 0.0002077094953901553 0.0001887566360934394
211 8.44 -6.61363503061129 0.0002076696918321642 0.0001887370935508567
212 8.48 -6.587911410997132 0.0002072796397648601 0.0001884227608508167
213 8.52 -6.562042045200941 0.0002068640326799728 0.0001881253330844113
214 8.56 -6.537397840193271 0.000206696908266017 0.0001880955594309329
215 8.6 -6.515289571093773 0.0002063646247044065 0.0001879253879815463
216 8.640000000000001 -6.496601625775586 0.0002056438319627621 0.0001874194585067521
217 8.68 -6.481825547127647 0.0002049802281991869 0.0001870254319348843
218 8.720000000000001 -6.470917026779369 0.0002045847156123083 0.0001869025989087952
219 8.76 -6.46338934658739 0.0002040633388396789 0.0001865885237887484
220 8.800000000000001 -6.458338082220065 0.0002033268479568965 0.0001859718967507366
221 8.84 -6.454490086580883 0.0002027226309392113 0.0001854424736997097
222 8.880000000000001 -6.450390823273577 0.0002023382262793549 0.0001851487053779137
223 8.92 -6.444725632170058 0.0002017266708636549 0.0001846638202902701
224 8.960000000000001 -6.436682611696526 0.0002008548193387911 0.0001839220719422272
225 9 -6.426187845510213 0.0002002534732415194 0.0001834141326872034
226 9.040000000000001 -6.413785364011792 0.0001999822747335684 0.0001832031311075176
227 9.08 -6.400164812066118 0.000199502952404971 0.0001827984723027427
228 9.120000000000001 -6.385932212597911 0.000198749006034738 0.0001821776849852164
229 9.16 -6.372050163760697 0.0001982213103683351 0.0001818374521634642
230 9.200000000000001 -6.360182466665249 0.0001978964713843475 0.0001817059678021627
231 9.24 -6.352380572704963 0.0001975015853334455 0.000181463731391657
232 9.279999999999999 -6.350117511770156 0.0001970606767221557 0.0001811244933154559
233 9.32 -6.353925133499565 0.0001965867419912083 0.0001807153637344571
234 9.359999999999999 -6.363391068240663 0.0001962360115782046 0.0001804077609380814
235 9.4 -6.377509034149286 0.0001956595699925867 0.000179868035903138
236 9.44 -6.395242563721385 0.0001949822316339051 0.0001792405136812156
237 9.48 -6.415862421402442 0.0001945067613033076 0.0001788411847709219
238 9.52 -6.438854788692785 0.0001941167276256393 0.0001785525868305956
239 9.56 -6.463492798667946 0.000193758604035939 0.0001783145891687586
240 9.6 -6.489105119906429 0.000193427546362547 0.0001781187006959163
241 9.640000000000001 -6.514967602666893 0.0001933116551692342 0.0001781517105801508
242 9.68 -6.540681040477547 0.0001933447439563351 0.0001783548556061739
243 9.720000000000001 -6.56621672341188 0.0001932983727339816 0.0001785282112891706
244 9.76 -6.591776759670815 0.000193174055964139 0.0001787092363650628
245 9.800000000000001 -6.617549528506006 0.0001930815427844757 0.0001790184622402266
246 9.84 -6.643513907870503 0.0001931039973219456 0.0001795184163856422
247 9.880000000000001 -6.669385470978551 0.0001930193981341556 0.0001799519316861861
248 9.92 -6.694738513691809 0.000192644619283592 0.0001800901523383574
249 9.960000000000001 -6.719212617771449 0.0001922101818159634 0.0001801221146812311
250 10 -6.742668048315076 0.0001918563471662708 0.0001802002949036811
251 10.04 -6.765186301667282 0.0001914250761322294 0.0001802410054559027
252 10.08 -6.786893487452816 0.0001908672333817346 0.0001802479552852
253 10.12 -6.807691388348218 0.0001903130020088864 0.000180311765266407
254 10.16 -6.827028345887434 0.0001898563409869485 0.0001804401768084288
255 10.2 -6.8438352653996 0.0001894338647071387 0.000180526602010659
256 10.24 -6.856698502826506 0.0001889401241485526 0.0001804764528340259
257 10.28 -6.864355607801294 0.000188382971404699 0.0001803228017863129
258 10.32 -6.866071191590131 0.0001878429100819971 0.0001801752241467344
259 10.36 -6.861898761436236 0.0001872471875910891 0.0001800059147443632
260 10.4 -6.852629844984396 0.000186366192722963 0.0001796165961358788
261 10.44 -6.839112527673726 0.0001853961578766906 0.0001791775863920974
262 10.48 -6.82181220303452 0.0001848444106558297 0.0001791197949117719
263 10.52 -6.800599876184406 0.0001846114717094805 0.0001792720396859896
264 10.56 -6.774981512101258 0.000184395155172691 0.0001793131126658746
265 10.6 -6.744646431756578 0.0001841783174200612 0.0001792693419666279
266 10.64 -6.710020761013008 0.0001841358576968455 0.0001793832413406533
267 10.68 -6.672443211185663 0.0001842852126026874 0.0001796960210172773
268 10.72 -6.633905495892574 0.0001842490447410477 0.0001797851117300527
269 10.76 -6.59655406541825 0.0001840178893508899 0.000179586585295192
270 10.8 -6.56218727322295 0.0001840612838939689 0.0001795732284200997
271 10.84 -6.531921778509875 0.0001843238884697505 0.0001797289077615624
272 10.88 -6.506075219932987 0.0001843398643933011 0.000179589622370761
273 10.92 -6.484593211256271 0.0001842221853648887 0.0001792204057383545
274 10.96 -6.467236980598869 0.000184432970177666 0.000179055347526202
275 11 -6.453911126834281 0.0001848786454135713 0.0001790568436611456
276 11.04 -6.44476155664912 0.0001849958044157695 0.0001787693811568056
277 11.08 -6.440057766054474 0.0001848829230241321 0.0001783494087517872
278 11.12 -6.439965370963622 0.0001850105869444336 0.0001782306014857385
279 11.16 -6.44422636019586 0.0001853511583725879 0.0001783264892058556
280 11.2 -6.452351454997839 0.0001854165703222546 0.0001781497752149255
281 11.24 -6.463196774068876 0.000185294588921572 0.0001778286636402837
282 11.28 -6.4754203789033 0.0001854583325460939 0.0001778392865441656
283 11.32 -6.487516735009009 0.000185726953385868 0.0001779553213990778
284 11.36 -6.49805343752838 0.0001856231179252251 0.000177648116849566
285 11.4 -6.505766856799641 0.0001852922041933832 0.0001770400938307284
286 11.44 -6.509628983013224 0.0001851754707610498 0.0001766014024247506
287 11.48 -6.508893387283833 0.0001852807033755687 0.0001764239034528733
288 11.52 -6.503167581181703 0.0001851073295543811 0.000176080938357896
289 11.56 -6.492519177701546 0.000184667608814234 0.0001755642170046019
290 11.6 -6.477529878512405 0.0001845545490844103 0.0001753794398058029
291 11.64 -6.459236671286137 0.0001848147403861987 0.0001755426216935159
292 11.68 -6.438826419920522 0.0001849648189484684 0.0001756361314725096
293 11.72 -6.417479759233403 0.0001849553575337445 0.0001756697641110834
294 11.76 -6.396067119368867 0.0001852027777165941 0.0001760233965375445
295 11.8 -6.375165229333951 0.0001857729168075785 0.0001766864688980382
296 11.84 -6.355214419351396 0.000186280678749605 0.0001772643584364174
297 11.88 -6.33679073846429 0.0001865630031589385 0.0001776468282473824
298 11.92 -6.320813585963854 0.0001869568893382304 0.0001781941824185423
299 11.96 -6.308571089085704 0.0001874821333927854 0.0001788767616179636
300 12 -6.301627148751945 0.0001878008711116643 0.0001793029357887063
301 12.04 -6.301553216451237 0.0001879823544563463 0.0001795554156249511
302 12.08 -6.309546513956667 0.0001883011012207387 0.0001799637772014323
303 12.12 -6.326054782198171 0.0001886896402443166 0.0001804754812979809
304 12.16 -6.350546113663463 0.0001890324531697673 0.0001809249391659227
305 12.2 -6.381532010190143 0.0001892137763005013 0.0001811411350033209
306 12.24 -6.416866914765305 0.0001894196337694284 0.0001813097554198214
307 12.28 -6.454201216484697 0.0001896580536326259 0.0001814801406687638
308 12.32 -6.491365556576188 0.0001896437723728459 0.0001813937217498832
309 12.36 -6.526569981459299 0.0001894707952144111 0.0001811362957505317
310 12.4 -6.558397121601261 0.000189409853677841 0.0001809692168627778
311 12.44 -6.585652066828793 0.0001894149283071502 0.0001808668620065234
312 12.48 -6.607067339341268 0.0001893778384435673 0.0001807518544286975
313 12.52 -6.621413053758825 0.0001893736944747674 0.0001807043934616234
314 12.56 -6.62765393205621 0.0001894452445168467 0.0001807523857100097
315 12.6 -6.625112449445204 0.0001895419187132489 0.000180858881171838
316 12.64 -6.613776303205006 0.0001895918577094684 0.000180995283836507
317 12.68 -6.594265575032087 0.0001896500569808996 0.000181224099143503
318 12.72 -6.567572148481534 0.0001897328353479932 0.0001814996872299816
319 12.76 -6.534811320314041 0.0001898262961739424 0.000181740681752346
320 12.8 -6.49729680001168 0.0001900677037662536 0.0001820810875831853
321 12.84 -6.456850015426546 0.0001903021165075969 0.0001824058275505919
322 12.88 -6.415782007869646 0.0001904812153533478 0.0001826969034015437
323 12.92 -6.376760577112925 0.0001907915456335215 0.0001831613255662656
324 12.96 -6.342235402154134 0.0001911539533112783 0.0001837374529390297
325 13 -6.314079167167997 0.000191444614036896 0.0001842799817940891
326 13.04 -6.293224245138825 0.0001917923865298886 0.000184856409351515
327 13.08 -6.279624352588501 0.0001920365183972142 0.0001852628761750561
328 13.12 -6.272655489329066 0.0001923455917194922 0.0001856640151021394
329 13.16 -6.271534410636264 0.0001926888614050427 0.0001860227833031407
330 13.2 -6.275372665710664 0.0001930239213688512 0.0001862772431296103
331 13.24 -6.283052213198318 0.0001934626618871779 0.0001865442998858785
332 13.28 -6.293302225769614 0.0001938835430204011 0.0001867402025258298
333 13.32 -6.30503112415003 0.0001943026385505963 0.0001869167629718505
334 13.36 -6.317606206347221 0.0001947389321661331 0.0001871016204677675
335 13.4 -6.33081372982658 0.0001952547750899935 0.0001873420838489891
336 13.44 -6.344585953102166 0.0001958336731715663 0.000187611289018461
337 13.48 -6.358987916827248 0.0001963870911994022 0.0001878531054287501
338 13.52 -6.374119823008909 0.0001968468536097293 0.000188069373267736
339 13.56 -6.390222796365242 0.0001972445474752522 0.0001883194311414282
340 13.6 -6.407556926116613 0.0001976140145072157 0.0001885731131574772
341 13.64 -6.426174747608444 0.0001978025579574738 0.0001885901464195617
342 13.68 -6.445700318795654 0.0001979004662370737 0.0001884504502758555
343 13.72 -6.465287765078406 0.0001980957244509943 0.0001884033065072549
344 13.76 -6.484009007774937 0.0001984144456624039 0.000188517475090516
345 13.8 -6.500679069108044 0.0001987129341971559 0.0001886409587958485
346 13.84 -6.513995775920963 0.0001989856565812313 0.0001887610807520174
347 13.88 -6.522578938074693 0.0001993132840246911 0.0001889947518496637
348 13.92 -6.525138064149678 0.0001997105483906205 0.0001893995856818124
349 13.96 -6.520885687543407 0.0002000939361745924 0.0001898784298081876
350 14 -6.50955129759855 0.0002003703081232007 0.0001902674167105616
351 14.04 -6.491578782962145 0.0002008175601142547 0.0001907779815178745
352 14.08 -6.46797824756326 0.0002014136612880571 0.0001913746620119647
353 14.12 -6.44015786876114 0.0002019764554351346 0.000191892033890771
354 14.16 -6.409775041793471 0.0002025140036539233 0.0001923325768845871
355 14.2 -6.378519922815891 0.0002031879367864469 0.0001928256086403173
356 14.24 -6.34790998733325 0.0002041063530012193 0.0001934664763498721
357 14.28 -6.31925394390105 0.0002048849978674138 0.0001939104874264913
358 14.32 -6.293412079994926 0.0002053708516211646 0.0001940713195856614
359 14.36 -6.270290127434446 0.0002058320921357416 0.0001942470553853498
360 14.4 -6.248770467960206 0.0002063448776945305 0.0001944731646274788
361 14.44 -6.227057787519947 0.0002066971083932749 0.000194473236321575
362 14.48 -6.203039135109891 0.000206800637169125 0.0001941480835250773
363 14.52 -6.175968071117896 0.0002070857126314114 0.0001939694990669982
364 14.56 -6.148895799844062 0.0002074885867873069 0.0001938901453695242
365 14.6 -6.128902036038331 0.0002077751945059775 0.0001936320029912394
366 14.64 -6.125389329718662 0.0002081559755666211 0.000193364717998476
367 14.68 -6.145804990931493 0.0002086302030242681 0.0001931136547037825
368 14.72 -6.181895501662021 0.0002091842574767835 0.0001929367194048635
369 14.76 -6.214087218653921 0.0002096472023812492 0.0001927122677759543
370 14.8 -6.230166793995128 0.0002098826970879694 0.0001923167123479933
371 14.84 -6.228457621828525 0.0002103319411913286 0.0001921910891945482
372 14.88 -6.215419041365924 0.0002108905222060168 0.0001922273516920696
373 14.92 -6.200157679648613 0.0002112106250786942 0.0001920676191764276
374 14.96 -6.188920838323664 0.0002114853141899598 0.0001919043260730465
375 15 -6.183379636236531 0.0002117465124506129 0.0001917978101505028
376 15.04 -6.18173601161523 0.0002118595553316377 0.0001916518850727919
377 15.08 -6.180339386552705 0.0002116890440024864 0.0001913358192937645
378 15.12 -6.175429345333696 0.0002114225392348918 0.000190998965991421
379 15.16 -6.1645564956196 0.0002111707844824228 0.0001907101947449494
380 15.2 -6.14695313151616 0.0002109427579892292 0.0001904662681879152
381 15.24 -6.123158330713139 0.0002105322131551717 0.0001900661519940924
382 15.28 -6.094559428570622 0.0002100086598964819 0.0001895720500231695
383 15.32 -6.06300374688176 0.0002095113097524095 0.0001891027513698643
384 15.36 -6.030605993759164 0.0002089995337678315 0.000188610664465
385 15.4 -5.99987315197911 0.0002085182606210764 0.0001881570894845889
386 15.44 -5.973947830589514 0.0002080846624367049 0.0001877759830765718
387 15.48 -5.956519396944937 0.0002076622309164691 0.0001874304513170792
388 15.52 -5.951554558369567 0.0002073896158992454 0.0001872618140006893
389 15.56 -5.962342092744892 0.00020735556063134 0.0001873788014946886
390 15.6 -5.99044230892981 0.0002073899553082515 0.0001876170536793364
391 15.64 -6.034803825576454 0.0002072948340635528 0.000187732366886398
392 15.68 -6.091411982849943 0.0002072193708293164 0.0001877978519180359
393 15.72 -6.154222739314929 0.0002073112373237166 0.0001879248289211112
394 15.76 -6.216442020784052 0.000207209473850043 0.0001877891236622695
395 15.8 -6.272237852265819 0.0002067764753479291 0.0001873299215414796
396 15.84 -6.318079218805075 0.0002062303815849173 0.0001868163176846536
397 15.88 -6.35338488261571 0.0002056616880863642 0.0001863279459541887
398 15.92 -6.380195027141177 0.000205027613957468 0.0001857810787916542
399 15.96 -6.401810176984931 0.0002042072905672395 0.0001850490939255496
400 16 -6.421482912080176 0.0002034780101359038 0.0001844516131437216
401 16.04 -6.441432349989455 0.0002030075694691754 0.0001841782490075364
402 16.08 -6.462778832950129 0.000202558497118039 0.0001839329737597093
403 16.12 -6.48579715364793 0.0002022405178023518 0.0001837287053908475
404 16.16 -6.510140793343378 0.0002022463123304723 0.0001837243710910611
405 16.2 -6.535047592832083 0.0002024028331312895 0.0001838112240260498
406 16.24 -6.55962678601714 0.0002023760099816739 0.0001837487595579394
407 16.28 -6.583151146574916 0.0002023386553203317 0.0001837498034002221
408 16.32 -6.605188207137545 0.0002025962451186356 0.0001841040134434522
409 16.36 -6.625452575658896 0.0002029180162363202 0.0001845771349094217
410 16.4 -6.643428386861083 0.0002028916734581089 0.0001848075116579415
411 16.44 -6.658160957262603 0.000202611429656362 0.0001849461672993565
412 16.48 -6.668687076275793 0.0002024086244041505 0.0001853043598074741
413 16.52 -6.674653758349664 0.000202109709478936 0.00018560036825619
414 16.56 -6.676577037637982 0.000201614619463917 0.0001856192776016262
415 16.6 -6.675124206791624 0.0002012432378750083 0.0001856437338103231
416 16.64 -6.670757169185243 0.000200989145849702 0.0001857023898308285
417 16.68 -6.66359940914471 0.0002008006831235549 0.0001857759073402039
418 16.72 -6.653597382587024 0.0002003942754386616 0.0001855606235650112
419 16.76 -6.640888717373445 0.0002000218189687321 0.0001852682603951804
420 16.8 -6.62611420369374 0.0001998574507663852 0.0001850775018954716
421 16.84 -6.61037140954612 0.0001995803902675966 0.000184724673154203
422 16.88 -6.59465513582008 0.0001991867865808746 0.000184256853464069
423 16.92 -6.579750400592991 0.0001987943817910999 0.0001837937260531424
424 16.96 -6.566056359832658 0.0001985444456229169 0.0001834493607406111
425 17 -6.553447033935735 0.0001982857538920847 0.0001830615386832665
426 17.04 -6.541348187551462 0.0001979127599847412 0.0001825362343973637
427 17.08 -6.528646558482991 0.0001975654161413075 0.0001820178385766652
428 17.12 -6.513712453476709 0.0001974168071953301 0.0001816592070018615
429 17.16 -6.494635492360482 0.0001974030127069004 0.0001813760082524511
430 17.2 -6.469656395208824 0.0001972567342566446 0.0001809214236747827
431 17.24 -6.437670860173643 0.0001969966516192303 0.0001803766858458192
432 17.28 -6.398616757906069 0.0001967541314983551 0.0001799218658642004
433 17.32 -6.353582165625975 0.0001965407708854239 0.0001795505735259943
434 17.36 -6.304587362651032 0.0001963234959080549 0.0001791683362129562
435 17.4 -6.254127340104072 0.0001961745053620265 0.0001788249694903278
436 17.44 -6.204609749356842 0.0001961966023777323 0.0001786780987273827
437 17.48 -6.157906968174095 0.0001962705424194738 0.0001786761354846351
438 17.52 -6.115186648520305 0.0001962450758743741 0.000178660490454552
439 17.56 -6.077055944772668 0.0001962303095598753 0.0001786653840545357
440 17.6 -6.043959576427087 0.0001963819329414408 0.0001787969720125438
441 17.64 -6.016447149324964 0.0001966380660502939 0.0001790181418082552
442 17.68 -5.995253867262601 0.0001968393449103826 0.0001792120112470572
443 17.72 -5.981132533870985 0.0001968962224489682 0.0001792760758523977
444 17.76 -5.974330562232486 0.0001970264513439804 0.0001793724531524703
445 17.8 -5.974437474041897 0.0001974700233153699 0.0001797074998703498
446 17.84 -5.980495478306812 0.0001979712125033548 0.0001800298314865294
447 17.88 -5.991354212353619 0.0001983892175135543 0.0001801954210991493
448 17.92 -6.006075812194202 0.0001988260597400001 0.0001802773341561595
449 17.96 -6.024179174188005 0.0001994218482799592 0.0001804099625727492
450 18 -6.045564132313155 0.0002002018712347776 0.0001806694084248842
451 18.04 -6.07019782664857 0.0002008436656471192 0.0001807854148116041
452 18.08 -6.097761930002085 0.0002013254608576868 0.0001807170468351211
453 18.12 -6.127430615283481 0.0002020670295785851 0.0001808202012393197
454 18.16 -6.157820647853065 0.000203006161805221 0.0001810247815905474
455 18.2 -6.187104056562256 0.000203706848158288 0.0001809749811572557
456 18.24 -6.213460019861437 0.0002041907258307725 0.0001807764189485905
457 18.28 -6.235315685780104 0.0002047667969817641 0.0001807382717816838
458 18.32 -6.251680890713084 0.0002054162659895904 0.0001807823517269541
459 18.36 -6.262304719812757 0.0002057566635907716 0.0001805000923125642
460 18.4 -6.267679613606722 0.0002058948176091269 0.0001800355924315721
461 18.44 -6.268963233526142 0.000206266368494051 0.000179859271596033
462 18.48 -6.267798179144108 0.0002068989719338574 0.0001799763760001522
463 18.52 -6.266059669559229 0.0002073034431908102 0.0001798594244788287
464 18.56 -6.265779840214104 0.0002074785665359633 0.0001795228601861162
465 18.6 -6.26875447647737 0.0002078289135489528 0.0001794258049264806
466 18.64 -6.276482327097495 0.0002083098103130337 0.000179532205388574
467 18.68 -6.29006388736325 0.0002085741449692224 0.0001794277687729776
468 18.72 -6.31008583449857 0.0002086422358757898 0.0001790630068700509
469 18.76 -6.336513481133196 0.0002089403268138205 0.0001788724955265977
470 18.8 -6.368643558876326 0.0002095388146172493 0.0001789995984907103
471 18.84 -6.40513816576446 0.0002098025702211493 0.0001788612186442345
472 18.88 -6.444079692521719 0.000209775916868832 0.0001784832051027366
473 18.92 -6.483080268917841 0.0002099820556756204 0.0001783433681572086
474 18.96 -6.519444242236523 0.0002103542306432095 0.0001783827851007326
475 19 -6.550366207549614 0.000210413401942131 0.0001782015502306092
476 19.04 -6.573103485109947 0.0002101346335043529 0.0001778536247069446
477 19.08 -6.585557377211668 0.000210081955594794 0.0001778977294499885
478 19.12 -6.58666046987033 0.0002103272332150009 0.0001783168370909422
479 19.16 -6.576760157833304 0.000210315507459208 0.0001784767641449157
480 19.2 -6.557724555565758 0.0002100307815648596 0.0001783712774587012
481 19.24 -6.532543818134698 0.0002100304242139203 0.0001786225531345874
482 19.28 -6.504635041436733 0.000210381234385174 0.0001793125460820815
483 19.32 -6.477007633862637 0.0002104770007925088 0.0001797635923243312
484 19.36 -6.451533885739487 0.0002103843794557392 0.0001799627506189233
485 19.4 -6.428622807675302 0.0002106903821712171 0.000180496006019686
486 19.44 -6.407421987439139 0.0002112117469838712 0.000181245163860496
487 19.48 -6.386429816824009 0.0002114924319102791 0.0001818040731571279
488 19.52 -6.364268373214974 0.0002114673858328958 0.0001820975489310571
489 19.56 -6.340366420855299 0.0002116278322370588 0.0001825782078411976
490 19.6 -6.315330269899128 0.000212013805991514 0.0001832739506249774
491 19.64 -6.290864975827902 0.0002120850542329691 0.0001836700417827785
492 19.68 -6.269319415539002 0.000211883895897536 0.0001838316187435727
493 19.72 -6.253040200331174 0.0002118692939387319 0.0001842008654490098
494 19.76 -6.243756246883915 0.0002119835198193117 0.0001846809311617692
495 19.8 -6.242014615344973 0.000211866050733782 0.0001848993887741178
496 19.84 -6.24727170913378 0.0002115536548404348 0.000184921463764719
497 19.88 -6.25822271323992 0.0002113245734592596 0.0001850495368648593
498 19.92 -6.273066165667024 0.0002112036406230535 0.0001852843676072625
499 19.96 -6.29011621126955 0.0002109759688125254 0.0001853558569676993
500 20 -6.307941337859154 0.0002107514393309571 0.0001853486702586792
